%YAML:1.0

#Camera Calibration
img_height: 484
img_width: 644

#data mynt: [364.3552, 0.000, 364.58797, 
#         0.000, 371.6308, 233.69627, 
#          0.000, 0.000, 1.000]

camMatrix: !!opencv-matrix
   rows: 3
   cols: 3
   dt: d
   data: [1.169928e+03, 0.000, 3.17389e+02,
         0.000, 1.170864e+03, 2.52225e+02,
         0.000, 0.000, 1.000]
   
#   data: [-0.2768, 0.069037, -1.896e-04, -0.758e-04, 0.007]
distCoeff: !!opencv-matrix
   rows: 5
   cols: 1
   dt: d
   data: [-0.2371, 0.3289, 0.001965, -0.0002813, 0.000]

#Marker Information 
#0 for oldtype;1 for newtype
MARKER_TYPE: 1
#markersize for image calculating,unit:pixel
MARKER_SIZE: 100
#markersize in world,unit:mm #500
MARKER_SIZE_WORLD: 288
#marker position in e-coordinate
##old，with diffrent base station coors##
# MARKER_POS_B: 30.52777637846369 
# MARKER_POS_L: 114.35585367916474
# MARKER_POS_H: 22.366768037761343
##new，with diffrent base station coors##
MARKER_POS_B: 30.527776339701937 
MARKER_POS_L: 114.3558536788184
MARKER_POS_H: 22.366747928176842
#File Path
IMAGE_DIR: "/media/wyb/Study/MyPaper/实验/0228/third/image/wyb20190228_09/"
EVALUATE_FILE_DIR: '/media/wyb/Study/MyPaper/实验/0228/third/320/codefor320_09/Loose/codefor320_09_allnew.txt'
